% logfile for Python side
% 1 time (sec)
% 2 Mission state
% 3,4,5 (x,y,h) (m,m,rad)
% 6 Camera frame count
% 7-9 Line sensor: line position, e*kp, control y (rad/s), validCnt
%     Line sensor: Kp=1.0, tau_z=0.8s, tau_p=0.25s
% 10,11 trip A (distance and heading change)
% 12,13 trip B (distance and heading change)
% 1773407357.6333845 robobot/cmd/ti log 1
% 1773407357.6335366 robobot/cmd/ti alive 2026-03-13 14:09:17.606852
1773407357.6805944 0 -0.003 0.000 -0.024 0 0.00 0.00 0.000 0.000 0 0.000 -0.024 0.0000 -0.0238
1773407357.7232943 0 -0.003 0.000 -0.024 0 0.00 0.00 0.000 0.000 0 0.000 -0.024 0.0000 -0.0238
% 1773407357.7240934 robobot/cmd/T0 enc0
% 1773407357.7242093 robobot/cmd/T0 confw 0.074 0.074 19 92 0.23
% 1773407357.7242835 robobot/cmd/T0 confi
1773407357.731258 0 0.000 0.000 0.000 0 0.00 0.00 0.000 0.000 0 0.000 0.000 0.0000 0.0000
1773407357.7814856 0 0.000 0.000 0.000 0 0.00 0.00 0.000 0.000 0 0.000 0.000 0.0000 0.0000
1773407357.822986 0 0.000 0.000 0.000 0 0.00 0.00 0.000 0.000 0 0.000 0.000 0.0000 0.0000
1773407357.8306034 0 0.000 0.000 0.000 0 0.00 0.00 0.000 0.000 0 0.000 0.000 0.0000 0.0000
1773407357.8811626 0 0.000 0.000 0.000 0 0.00 0.00 0.000 0.000 0 0.000 0.000 0.0000 0.0000
1773407357.9228299 0 0.000 0.000 0.000 0 0.00 0.00 0.000 0.000 0 0.000 0.000 0.0000 0.0000
1773407357.931406 0 0.000 0.000 0.000 0 0.00 0.00 0.000 0.000 0 0.000 0.000 0.0000 0.0000
1773407357.9816577 0 0.000 0.000 0.000 0 0.00 0.00 0.000 0.000 0 0.000 0.000 0.0000 0.0000
% 1773407358.010483 robobot/cmd/T0 lip 1
% 1773407358.010647 robobot/cmd/T0 sub livn 10
1773407358.0232825 0 0.000 0.000 0.000 0 0.00 0.00 0.000 0.000 0 0.000 0.000 0.0000 0.0000
1773407358.030985 0 0.000 0.000 0.000 0 0.00 0.00 0.000 0.000 0 0.000 0.000 0.0000 0.0000
% 1773407358.03103 robobot/cmd/T0 liwi
% 1773407358.0513 robobot/cmd/T0 leds 16 30 30 0
% 1773407358.0514936 robobot/cmd/T0 leds 16 0 0 30
% 1773407358.0516138 robobot/cmd/ti rc 0.25 0.0
% 1773407358.0517294 robobot/cmd/T0 servo 1 100 300
% 1773407358.051744 % State change from -1 to 12
1773407358.080968 0 0.001 -0.000 0.001 1 0.00 0.00 0.000 0.000 0 0.000 0.001 0.0000 0.0012
1773407358.1227632 0 0.010 0.000 0.006 1 0.00 0.00 0.000 0.000 0 0.008 0.006 0.0078 0.0058
1773407358.1314313 0 0.012 0.000 0.007 1 0.00 0.00 0.000 0.000 0 0.010 0.007 0.0097 0.0069
% 1773407358.134564 robobot/cmd/ti alive 2026-03-13 14:09:17.606852
1773407358.1817338 0 0.023 0.000 0.008 1 0.00 0.00 0.000 0.000 0 0.020 0.008 0.0203 0.0081
1773407358.223312 0 0.032 0.000 0.007 1 0.00 0.00 0.000 0.000 0 0.029 0.007 0.0293 0.0069
1773407358.2318938 0 0.035 0.000 0.007 1 0.00 0.00 0.000 0.000 0 0.031 0.007 0.0312 0.0069
1773407358.2819335 0 0.047 0.000 0.004 1 0.00 0.00 0.000 0.000 0 0.045 0.004 0.0446 0.0035
1773407358.3235054 0 0.057 0.000 0.001 1 0.00 0.00 0.000 0.000 0 0.055 0.001 0.0546 0.0012
1773407358.3322115 0 0.059 0.000 0.001 1 0.00 0.00 0.000 0.000 0 0.057 0.001 0.0565 0.0012
1773407358.3815885 0 0.071 0.000 -0.004 1 0.00 0.00 0.000 0.000 0 0.068 -0.004 0.0682 -0.0035
1773407358.4237795 0 0.081 0.000 -0.006 1 0.00 0.00 0.000 0.000 0 0.078 -0.006 0.0780 -0.0058
1773407358.432506 0 0.083 0.000 -0.007 1 0.00 0.00 0.000 0.000 0 0.080 -0.007 0.0799 -0.0069
1773407358.4816172 0 0.096 0.000 -0.008 1 0.00 0.00 0.000 0.000 0 0.094 -0.008 0.0938 -0.0081
1773407358.5231402 0 0.106 0.000 -0.009 1 0.00 0.00 0.000 0.000 0 0.104 -0.009 0.1036 -0.0093
1773407358.5317326 0 0.108 0.000 -0.010 1 0.00 0.00 0.000 0.000 0 0.106 -0.010 0.1056 -0.0104
1773407358.5820622 0 0.120 -0.000 -0.012 1 0.00 0.00 0.000 0.000 0 0.117 -0.012 0.1174 -0.0116
1773407358.6234477 0 0.130 -0.000 -0.012 1 0.00 0.00 0.000 0.000 0 0.127 -0.012 0.1274 -0.0116
1773407358.6321492 0 0.133 -0.000 -0.010 1 0.00 0.00 0.000 0.000 0 0.129 -0.010 0.1294 -0.0104
% 1773407358.635517 robobot/cmd/ti alive 2026-03-13 14:09:17.606852
1773407358.6816938 0 0.145 -0.000 -0.013 1 0.00 0.00 0.000 0.000 0 0.143 -0.013 0.1435 -0.0127
1773407358.7231498 0 0.155 -0.001 -0.013 1 0.00 0.00 0.000 0.000 0 0.153 -0.013 0.1535 -0.0127
1773407358.731792 0 0.158 -0.001 -0.013 1 0.00 0.00 0.000 0.000 0 0.155 -0.013 0.1553 -0.0127
1773407358.7819784 0 0.171 -0.001 -0.013 1 0.00 0.00 0.000 0.000 0 0.168 -0.013 0.1677 -0.0127
1773407358.823498 0 0.180 -0.001 -0.013 1 0.00 0.00 0.000 0.000 0 0.178 -0.013 0.1775 -0.0127
1773407358.832065 0 0.183 -0.001 -0.015 1 0.00 0.00 0.000 0.000 0 0.180 -0.015 0.1797 -0.0150
1773407358.8826325 0 0.195 -0.001 -0.014 1 0.00 0.00 0.000 0.000 0 0.194 -0.014 0.1936 -0.0139
1773407358.9229162 0 0.206 -0.001 -0.013 1 0.00 0.00 0.000 0.000 0 0.204 -0.013 0.2038 -0.0127
1773407358.9326797 0 0.208 -0.001 -0.015 1 0.00 0.00 0.000 0.000 0 0.206 -0.015 0.2057 -0.0150
1773407358.9828975 0 0.221 -0.001 -0.015 1 0.00 0.00 0.000 0.000 0 0.218 -0.015 0.2175 -0.0150
1773407359.0232618 0 0.231 -0.002 -0.014 1 0.00 0.00 0.000 0.000 0 0.228 -0.014 0.2276 -0.0139
1773407359.033063 0 0.234 -0.002 -0.014 1 0.00 0.00 0.000 0.000 0 0.232 -0.014 0.2316 -0.0139
1773407359.0824027 0 0.246 -0.002 -0.015 1 0.00 0.00 0.000 0.000 0 0.244 -0.015 0.2436 -0.0150
1773407359.1239753 0 0.256 -0.002 -0.015 1 0.00 0.00 0.000 0.000 0 0.254 -0.015 0.2536 -0.0150
1773407359.1325958 0 0.259 -0.002 -0.014 1 0.00 0.00 0.000 0.000 0 0.256 -0.014 0.2556 -0.0139
% 1773407359.136483 robobot/cmd/ti alive 2026-03-13 14:09:17.606852
1773407359.1829164 0 0.271 -0.002 -0.014 1 0.00 0.00 0.000 0.000 0 0.268 -0.014 0.2678 -0.0139
1773407359.22334 0 0.281 -0.002 -0.015 1 0.00 0.00 0.000 0.000 0 0.278 -0.015 0.2779 -0.0150
1773407359.2332065 0 0.283 -0.002 -0.015 1 0.00 0.00 0.000 0.000 0 0.282 -0.015 0.2815 -0.0150
1773407359.2835846 0 0.296 -0.003 -0.014 1 0.00 0.00 0.000 0.000 0 0.294 -0.014 0.2937 -0.0139
1773407359.3239634 0 0.306 -0.003 -0.014 1 0.00 0.00 0.000 0.000 0 0.304 -0.014 0.3039 -0.0139
1773407359.3328915 0 0.308 -0.003 -0.015 1 0.00 0.00 0.000 0.000 0 0.306 -0.015 0.3058 -0.0150
1773407359.382652 0 0.321 -0.003 -0.014 1 0.00 0.00 0.000 0.000 0 0.318 -0.014 0.3176 -0.0139
1773407359.4237509 0 0.331 -0.003 -0.014 1 0.00 0.00 0.000 0.000 0 0.328 -0.014 0.3276 -0.0139
1773407359.4325795 0 0.334 -0.003 -0.013 1 0.00 0.00 0.000 0.000 0 0.332 -0.013 0.3319 -0.0127
1773407359.482697 0 0.346 -0.003 -0.013 1 0.00 0.00 0.000 0.000 0 0.344 -0.013 0.3439 -0.0127
1773407359.5238485 0 0.356 -0.003 -0.014 1 0.00 0.00 0.000 0.000 0 0.354 -0.014 0.3538 -0.0139
1773407359.5338056 0 0.359 -0.003 -0.013 1 0.00 0.00 0.000 0.000 0 0.356 -0.013 0.3558 -0.0127
1773407359.5838046 0 0.371 -0.004 -0.014 1 0.00 0.00 0.000 0.000 0 0.368 -0.014 0.3682 -0.0139
1773407359.6238806 0 0.381 -0.004 -0.014 1 0.00 0.00 0.000 0.000 0 0.378 -0.014 0.3782 -0.0139
1773407359.6328843 0 0.384 -0.004 -0.014 1 0.00 0.00 0.000 0.000 0 0.382 -0.014 0.3819 -0.0139
% 1773407359.6375594 robobot/cmd/ti alive 2026-03-13 14:09:17.606852
1773407359.6830904 0 0.396 -0.004 -0.013 1 0.00 0.00 0.000 0.000 0 0.394 -0.013 0.3940 -0.0127
1773407359.7240868 0 0.406 -0.004 -0.013 1 0.00 0.00 0.000 0.000 0 0.404 -0.013 0.4040 -0.0127
1773407359.7334003 0 0.409 -0.004 -0.014 1 0.00 0.00 0.000 0.000 0 0.406 -0.014 0.4060 -0.0139
1773407359.7834978 0 0.421 -0.004 -0.014 1 0.00 0.00 0.000 0.000 0 0.418 -0.014 0.4180 -0.0139
1773407359.824318 0 0.430 -0.004 -0.014 1 0.00 0.00 0.000 0.000 0 0.428 -0.014 0.4280 -0.0139
1773407359.83387 0 0.434 -0.004 -0.013 1 0.00 0.00 0.000 0.000 0 0.432 -0.013 0.4322 -0.0127
1773407359.8838818 0 0.446 -0.005 -0.014 1 0.00 0.00 0.000 0.000 0 0.444 -0.014 0.4441 -0.0139
1773407359.9236786 0 0.455 -0.005 -0.015 1 0.00 0.00 0.000 0.000 0 0.454 -0.015 0.4540 -0.0150
1773407359.9337206 0 0.459 -0.005 -0.013 1 0.00 0.00 0.000 0.000 0 0.456 -0.013 0.4561 -0.0127
1773407359.9835422 0 0.471 -0.005 -0.014 1 0.00 0.00 0.000 0.000 0 0.468 -0.014 0.4680 -0.0139
1773407360.0235555 0 0.480 -0.005 -0.014 1 0.00 0.00 0.000 0.000 0 0.478 -0.014 0.4780 -0.0139
1773407360.033741 0 0.484 -0.005 -0.014 1 0.00 0.00 0.000 0.000 0 0.482 -0.014 0.4820 -0.0139
1773407360.084411 0 0.496 -0.005 -0.013 1 0.00 0.00 0.000 0.000 0 0.494 -0.013 0.4941 -0.0127
1773407360.1242273 0 0.505 -0.005 -0.014 1 0.00 0.00 0.000 0.000 0 0.504 -0.014 0.5040 -0.0139
1773407360.1342475 0 0.508 -0.005 -0.015 1 0.00 0.00 0.000 0.000 0 0.506 -0.015 0.5058 -0.0150
% 1773407360.13885 robobot/cmd/ti alive 2026-03-13 14:09:17.606852
% 1773407360.1535094 robobot/cmd/ti rc 0.1 0.5
% 1773407360.1538541 robobot/cmd/T0 servo 1 -800 1000
% 1773407360.1538649 % State change from 12 to 14
1773407360.184622 0 0.519 -0.006 -0.023 1 0.00 0.00 0.000 0.000 0 0.518 -0.023 0.0049 -0.0092
1773407360.2239625 0 0.525 -0.006 -0.016 1 0.00 0.00 0.000 0.000 0 0.525 -0.016 0.0114 -0.0023
1773407360.2344759 0 0.526 -0.006 -0.010 1 0.00 0.00 0.000 0.000 0 0.527 -0.010 0.0134 0.0035
1773407360.2842348 0 0.532 -0.006 0.013 1 0.00 0.00 0.000 0.000 0 0.532 0.013 0.0190 0.0266
1773407360.3244474 0 0.535 -0.006 0.038 1 0.00 0.00 0.000 0.000 0 0.536 0.038 0.0232 0.0521
1773407360.3344884 0 0.537 -0.006 0.043 1 0.00 0.00 0.000 0.000 0 0.537 0.043 0.0238 0.0567
1773407360.3846257 0 0.542 -0.005 0.070 1 0.00 0.00 0.000 0.000 0 0.542 0.070 0.0287 0.0844
1773407360.4234931 0 0.545 -0.005 0.095 1 0.00 0.00 0.000 0.000 0 0.546 0.095 0.0325 0.1087
1773407360.43469 0 0.546 -0.005 0.105 1 0.00 0.00 0.000 0.000 0 0.547 0.105 0.0340 0.1191
1773407360.4848156 0 0.550 -0.004 0.138 1 0.00 0.00 0.000 0.000 0 0.551 0.138 0.0379 0.1515
1773407360.5244253 0 0.554 -0.004 0.150 1 0.00 0.00 0.000 0.000 0 0.555 0.150 0.0417 0.1642
1773407360.53542 0 0.556 -0.004 0.156 1 0.00 0.00 0.000 0.000 0 0.556 0.156 0.0427 0.1700
1773407360.58547 0 0.561 -0.003 0.176 1 0.00 0.00 0.000 0.000 0 0.561 0.176 0.0479 0.1897
1773407360.6234465 0 0.564 -0.002 0.190 1 0.00 0.00 0.000 0.000 0 0.566 0.190 0.0524 0.2036
1773407360.6345515 0 0.566 -0.002 0.198 1 0.00 0.00 0.000 0.000 0 0.567 0.198 0.0540 0.2117
% 1773407360.6400323 robobot/cmd/ti alive 2026-03-13 14:09:17.606852
1773407360.6847742 0 0.570 -0.001 0.228 1 0.00 0.00 0.000 0.000 0 0.572 0.228 0.0586 0.2417
1773407360.7238145 0 0.573 -0.000 0.249 1 0.00 0.00 0.000 0.000 0 0.576 0.249 0.0625 0.2625
1773407360.7348783 0 0.575 0.000 0.254 1 0.00 0.00 0.000 0.000 0 0.577 0.254 0.0632 0.2683
1773407360.784939 0 0.580 0.002 0.278 1 0.00 0.00 0.000 0.000 0 0.582 0.278 0.0682 0.2915
1773407360.8238323 0 0.583 0.003 0.291 1 0.00 0.00 0.000 0.000 0 0.585 0.291 0.0721 0.3053
1773407360.8349895 0 0.585 0.003 0.299 1 0.00 0.00 0.000 0.000 0 0.587 0.299 0.0739 0.3134
1773407360.886578 0 0.589 0.004 0.330 1 0.00 0.00 0.000 0.000 0 0.592 0.330 0.0785 0.3435
1773407360.924046 0 0.591 0.005 0.348 1 0.00 0.00 0.000 0.000 0 0.595 0.348 0.0819 0.3620
1773407360.9351478 0 0.593 0.006 0.356 1 0.00 0.00 0.000 0.000 0 0.596 0.356 0.0827 0.3701
1773407360.9859898 0 0.598 0.008 0.379 1 0.00 0.00 0.000 0.000 0 0.602 0.379 0.0888 0.3932
1773407361.0241895 0 0.601 0.009 0.396 1 0.00 0.00 0.000 0.000 0 0.605 0.396 0.0921 0.4094
1773407361.035492 0 0.603 0.010 0.399 1 0.00 0.00 0.000 0.000 0 0.607 0.399 0.0936 0.4129
1773407361.0853603 0 0.607 0.012 0.423 1 0.00 0.00 0.000 0.000 0 0.612 0.423 0.0989 0.4372
1773407361.1244655 0 0.610 0.013 0.448 1 0.00 0.00 0.000 0.000 0 0.616 0.448 0.1028 0.4615
1773407361.1357121 0 0.612 0.014 0.452 1 0.00 0.00 0.000 0.000 0 0.617 0.452 0.1035 0.4661
% 1773407361.1420681 robobot/cmd/ti alive 2026-03-13 14:09:17.606852
1773407361.1858532 0 0.616 0.016 0.476 1 0.00 0.00 0.000 0.000 0 0.622 0.476 0.1089 0.4904
1773407361.2237263 0 0.619 0.018 0.493 1 0.00 0.00 0.000 0.000 0 0.625 0.493 0.1119 0.5066
1773407361.235995 0 0.620 0.018 0.502 1 0.00 0.00 0.000 0.000 0 0.627 0.502 0.1138 0.5158
1773407361.286002 0 0.625 0.021 0.523 1 0.00 0.00 0.000 0.000 0 0.632 0.523 0.1186 0.5366
1773407361.3239353 0 0.627 0.022 0.544 1 0.00 0.00 0.000 0.000 0 0.636 0.544 0.1225 0.5575
1773407361.3360856 0 0.628 0.023 0.552 1 0.00 0.00 0.000 0.000 0 0.636 0.552 0.1231 0.5655
1773407361.3862748 0 0.632 0.025 0.584 1 0.00 0.00 0.000 0.000 0 0.642 0.584 0.1282 0.5979
1773407361.4240625 0 0.635 0.028 0.599 1 0.00 0.00 0.000 0.000 0 0.645 0.599 0.1316 0.6130
1773407361.436335 0 0.636 0.028 0.604 1 0.00 0.00 0.000 0.000 0 0.647 0.604 0.1333 0.6176
1773407361.485861 0 0.641 0.031 0.628 1 0.00 0.00 0.000 0.000 0 0.652 0.628 0.1385 0.6419
1773407361.5252821 0 0.644 0.033 0.645 1 0.00 0.00 0.000 0.000 0 0.656 0.645 0.1427 0.6592
1773407361.5363271 0 0.645 0.034 0.653 1 0.00 0.00 0.000 0.000 0 0.657 0.653 0.1435 0.6673
1773407361.5865428 0 0.648 0.037 0.678 1 0.00 0.00 0.000 0.000 0 0.662 0.678 0.1490 0.6916
1773407361.6253002 0 0.651 0.039 0.695 1 0.00 0.00 0.000 0.000 0 0.665 0.695 0.1518 0.7089
1773407361.6364675 0 0.652 0.040 0.703 1 0.00 0.00 0.000 0.000 0 0.667 0.703 0.1533 0.7170
% 1773407361.6434782 robobot/cmd/ti alive 2026-03-13 14:09:17.606852
1773407361.6857386 0 0.656 0.044 0.724 1 0.00 0.00 0.000 0.000 0 0.672 0.724 0.1584 0.7379
1773407361.7250514 0 0.659 0.046 0.744 1 0.00 0.00 0.000 0.000 0 0.676 0.744 0.1625 0.7575
1773407361.7362778 0 0.660 0.047 0.749 1 0.00 0.00 0.000 0.000 0 0.677 0.749 0.1632 0.7633
1773407361.7868738 0 0.663 0.050 0.779 1 0.00 0.00 0.000 0.000 0 0.682 0.779 0.1691 0.7934
1773407361.8245804 0 0.665 0.052 0.803 1 0.00 0.00 0.000 0.000 0 0.685 0.803 0.1720 0.8165
1773407361.8368351 0 0.666 0.053 0.812 1 0.00 0.00 0.000 0.000 0 0.687 0.812 0.1733 0.8258
1773407361.8872418 0 0.670 0.057 0.832 1 0.00 0.00 0.000 0.000 0 0.691 0.832 0.1781 0.8454
1773407361.9250908 0 0.672 0.060 0.845 1 0.00 0.00 0.000 0.000 0 0.696 0.845 0.1823 0.8593
1773407361.9372802 0 0.673 0.061 0.852 1 0.00 0.00 0.000 0.000 0 0.697 0.852 0.1832 0.8662
1773407361.9873009 0 0.676 0.065 0.875 1 0.00 0.00 0.000 0.000 0 0.702 0.875 0.1890 0.8894
1773407362.0249913 0 0.678 0.067 0.894 1 0.00 0.00 0.000 0.000 0 0.706 0.894 0.1922 0.9079
1773407362.0371978 0 0.679 0.068 0.903 1 0.00 0.00 0.000 0.000 0 0.707 0.903 0.1937 0.9171
1773407362.0867472 0 0.682 0.072 0.926 1 0.00 0.00 0.000 0.000 0 0.712 0.926 0.1982 0.9402
1773407362.1251695 0 0.684 0.075 0.944 1 0.00 0.00 0.000 0.000 0 0.716 0.944 0.2026 0.9576
1773407362.1375175 0 0.685 0.076 0.951 1 0.00 0.00 0.000 0.000 0 0.717 0.951 0.2034 0.9645
% 1773407362.1447058 robobot/cmd/ti alive 2026-03-13 14:09:17.606852
1773407362.1866233 0 0.688 0.081 0.974 1 0.00 0.00 0.000 0.000 0 0.723 0.974 0.2096 0.9877
1773407362.2249508 0 0.690 0.083 0.990 1 0.00 0.00 0.000 0.000 0 0.726 0.990 0.2126 1.0038
1773407362.2375073 0 0.691 0.084 1.002 1 0.00 0.00 0.000 0.000 0 0.728 1.002 0.2143 1.0154
1773407362.2876153 0 0.692 0.087 1.034 1 0.00 0.00 0.000 0.000 0 0.732 1.034 0.2183 1.0478
1773407362.325408 0 0.694 0.090 1.046 1 0.00 0.00 0.000 0.000 0 0.735 1.046 0.2219 1.0594
1773407362.3376322 0 0.695 0.092 1.050 1 0.00 0.00 0.000 0.000 0 0.736 1.050 0.2228 1.0640
1773407362.387136 0 0.698 0.097 1.069 1 0.00 0.00 0.000 0.000 0 0.742 1.069 0.2291 1.0825
1773407362.424853 0 0.700 0.100 1.086 1 0.00 0.00 0.000 0.000 0 0.746 1.086 0.2329 1.0998
1773407362.4370904 0 0.700 0.101 1.093 1 0.00 0.00 0.000 0.000 0 0.748 1.093 0.2343 1.1068
1773407362.4881823 0 0.702 0.105 1.123 1 0.00 0.00 0.000 0.000 0 0.752 1.123 0.2390 1.1368
1773407362.5250044 0 0.704 0.108 1.144 1 0.00 0.00 0.000 0.000 0 0.756 1.144 0.2424 1.1577
1773407362.53844 0 0.704 0.110 1.149 1 0.00 0.00 0.000 0.000 0 0.757 1.149 0.2441 1.1634
1773407362.5883873 0 0.706 0.114 1.171 1 0.00 0.00 0.000 0.000 0 0.762 1.171 0.2491 1.1854
1773407362.6250417 0 0.708 0.118 1.187 1 0.00 0.00 0.000 0.000 0 0.765 1.187 0.2521 1.2005
1773407362.6384056 0 0.708 0.119 1.194 1 0.00 0.00 0.000 0.000 0 0.767 1.194 0.2539 1.2074
% 1773407362.6458366 robobot/cmd/ti alive 2026-03-13 14:09:17.606852
1773407362.6877613 0 0.710 0.123 1.222 1 0.00 0.00 0.000 0.000 0 0.772 1.222 0.2584 1.2363
1773407362.7254567 0 0.711 0.126 1.244 1 0.00 0.00 0.000 0.000 0 0.775 1.244 0.2621 1.2583
1773407362.7377818 0 0.711 0.128 1.248 1 0.00 0.00 0.000 0.000 0 0.777 1.248 0.2635 1.2618
1773407362.7875745 0 0.713 0.132 1.274 1 0.00 0.00 0.000 0.000 0 0.782 1.274 0.2687 1.2884
1773407362.825331 0 0.714 0.136 1.292 1 0.00 0.00 0.000 0.000 0 0.785 1.292 0.2719 1.3057
1773407362.8376372 0 0.714 0.137 1.296 1 0.00 0.00 0.000 0.000 0 0.787 1.296 0.2738 1.3103
1773407362.888228 0 0.716 0.142 1.324 1 0.00 0.00 0.000 0.000 0 0.792 1.324 0.2787 1.3381
1773407362.9247386 0 0.716 0.145 1.340 1 0.00 0.00 0.000 0.000 0 0.796 1.340 0.2825 1.3543
1773407362.9383254 0 0.717 0.147 1.349 1 0.00 0.00 0.000 0.000 0 0.798 1.349 0.2843 1.3624
1773407362.9882705 0 0.718 0.151 1.379 1 0.00 0.00 0.000 0.000 0 0.802 1.379 0.2886 1.3924
1773407363.02556 0 0.718 0.154 1.392 1 0.00 0.00 0.000 0.000 0 0.805 1.392 0.2915 1.4063
1773407363.037861 0 0.719 0.156 1.398 1 0.00 0.00 0.000 0.000 0 0.807 1.398 0.2933 1.4121
1773407363.0880313 0 0.719 0.161 1.419 1 0.00 0.00 0.000 0.000 0 0.812 1.419 0.2986 1.4329
1773407363.124878 0 0.720 0.165 1.440 1 0.00 0.00 0.000 0.000 0 0.816 1.440 0.3029 1.4537
1773407363.1392472 0 0.720 0.166 1.448 1 0.00 0.00 0.000 0.000 0 0.818 1.448 0.3043 1.4618
% 1773407363.1470613 robobot/cmd/ti alive 2026-03-13 14:09:17.606852
1773407363.1893601 0 0.721 0.170 1.482 1 0.00 0.00 0.000 0.000 0 0.822 1.482 0.3087 1.4954
1773407363.2250693 0 0.721 0.174 1.494 1 0.00 0.00 0.000 0.000 0 0.825 1.494 0.3118 1.5081
1773407363.2383661 0 0.721 0.176 1.502 1 0.00 0.00 0.000 0.000 0 0.827 1.502 0.3137 1.5162
1773407363.2888331 0 0.721 0.181 1.525 1 0.00 0.00 0.000 0.000 0 0.832 1.525 0.3185 1.5393
1773407363.3249452 0 0.721 0.184 1.539 1 0.00 0.00 0.000 0.000 0 0.836 1.539 0.3228 1.5532
1773407363.339487 0 0.721 0.186 1.550 1 0.00 0.00 0.000 0.000 0 0.838 1.550 0.3244 1.5636
1773407363.3889997 0 0.721 0.190 1.574 1 0.00 0.00 0.000 0.000 0 0.842 1.574 0.3289 1.5879
1773407363.425699 0 0.721 0.193 1.593 1 0.00 0.00 0.000 0.000 0 0.845 1.593 0.3321 1.6064
1773407363.4390347 0 0.721 0.195 1.599 1 0.00 0.00 0.000 0.000 0 0.847 1.599 0.3334 1.6133
% 1773407363.4569538 robobot/cmd/ti rc 0 0
% 1773407363.457896 robobot/cmd/T0 servo 1 0 1000
% 1773407363.4579132 % State change from 14 to 20
1773407363.4891088 0 0.721 0.199 1.616 1 0.00 0.00 0.000 0.000 0 0.852 1.616 0.3384 1.6295
1773407363.5259113 0 0.721 0.199 1.619 1 0.00 0.00 0.000 0.000 0 0.853 1.619 0.3398 1.6330
1773407363.5391395 0 0.721 0.199 1.618 1 0.00 0.00 0.000 0.000 0 0.853 1.618 0.3400 1.6318
1773407363.5893452 0 0.721 0.199 1.618 1 0.00 0.00 0.000 0.000 0 0.853 1.618 0.3401 1.6318
1773407363.6250658 0 0.721 0.199 1.618 1 0.00 0.00 0.000 0.000 0 0.854 1.618 0.3402 1.6318
1773407363.639419 0 0.721 0.199 1.618 1 0.00 0.00 0.000 0.000 0 0.854 1.618 0.3402 1.6318
% 1773407363.6482172 robobot/cmd/ti alive 2026-03-13 14:09:17.606852
1773407363.688742 0 0.721 0.199 1.618 1 0.00 0.00 0.000 0.000 0 0.854 1.618 0.3403 1.6318
1773407363.7256303 0 0.721 0.199 1.618 1 0.00 0.00 0.000 0.000 0 0.854 1.618 0.3404 1.6318
1773407363.7389162 0 0.721 0.199 1.618 1 0.00 0.00 0.000 0.000 0 0.854 1.618 0.3404 1.6318
1773407363.7890594 0 0.721 0.199 1.618 1 0.00 0.00 0.000 0.000 0 0.854 1.618 0.3404 1.6318
1773407363.825859 0 0.721 0.199 1.618 1 0.00 0.00 0.000 0.000 0 0.854 1.618 0.3404 1.6318
1773407363.8403509 0 0.721 0.199 1.618 1 0.00 0.00 0.000 0.000 0 0.854 1.618 0.3404 1.6318
% 1773407363.8864381 robobot/cmd/T0 leds 16 0 64 0
1773407363.889613 0 0.721 0.199 1.618 2 0.00 0.00 0.000 0.000 0 0.854 1.618 0.3404 1.6318
1773407363.9249659 0 0.721 0.199 1.618 2 0.00 0.00 0.000 0.000 0 0.854 1.618 0.3405 1.6318
1773407363.9394836 0 0.721 0.199 1.618 2 0.00 0.00 0.000 0.000 0 0.854 1.618 0.3405 1.6318
1773407363.9899838 0 0.721 0.199 1.617 2 0.00 0.00 0.000 0.000 0 0.854 1.617 0.3405 1.6307
1773407364.0256069 0 0.721 0.199 1.616 2 0.00 0.00 0.000 0.000 0 0.854 1.616 0.3405 1.6295
1773407364.0399308 0 0.721 0.199 1.616 2 0.00 0.00 0.000 0.000 0 0.854 1.616 0.3405 1.6295
1773407364.0901048 0 0.721 0.199 1.616 2 0.00 0.00 0.000 0.000 0 0.854 1.616 0.3405 1.6295
1773407364.1257586 0 0.721 0.199 1.616 2 0.00 0.00 0.000 0.000 0 0.854 1.616 0.3405 1.6295
1773407364.1402621 0 0.721 0.199 1.616 2 0.00 0.00 0.000 0.000 0 0.854 1.616 0.3405 1.6295
% 1773407364.1494267 robobot/cmd/ti alive 2026-03-13 14:09:17.606852
1773407364.1904662 0 0.721 0.199 1.616 2 0.00 0.00 0.000 0.000 0 0.854 1.616 0.3405 1.6295
1773407364.2250347 0 0.721 0.199 1.616 2 0.00 0.00 0.000 0.000 0 0.854 1.616 0.3405 1.6295
1773407364.2404232 0 0.721 0.199 1.616 2 0.00 0.00 0.000 0.000 0 0.854 1.616 0.3405 1.6295
% 1773407364.2691 robobot/cmd/T0 leds 16 0 30 30
1773407364.290191 0 0.721 0.199 1.616 3 0.00 0.00 0.000 0.000 0 0.854 1.616 0.3405 1.6295
1773407364.325307 0 0.721 0.199 1.616 3 0.00 0.00 0.000 0.000 0 0.854 1.616 0.3405 1.6295
1773407364.33983 0 0.721 0.199 1.616 3 0.00 0.00 0.000 0.000 0 0.854 1.616 0.3405 1.6295
1773407364.390644 0 0.721 0.199 1.616 3 0.00 0.00 0.000 0.000 0 0.854 1.616 0.3405 1.6295
1773407364.4251385 0 0.721 0.199 1.616 3 0.00 0.00 0.000 0.000 0 0.854 1.616 0.3405 1.6295
1773407364.439964 0 0.721 0.199 1.616 3 0.00 0.00 0.000 0.000 0 0.854 1.616 0.3405 1.6295
1773407364.4905999 0 0.721 0.199 1.616 3 0.00 0.00 0.000 0.000 0 0.854 1.616 0.3405 1.6295
1773407364.5253212 0 0.721 0.199 1.616 3 0.00 0.00 0.000 0.000 0 0.854 1.616 0.3405 1.6295
1773407364.5408125 0 0.721 0.199 1.616 3 0.00 0.00 0.000 0.000 0 0.854 1.616 0.3405 1.6295
1773407364.591 0 0.721 0.199 1.616 3 0.00 0.00 0.000 0.000 0 0.854 1.616 0.3405 1.6295
1773407364.625931 0 0.721 0.199 1.616 3 0.00 0.00 0.000 0.000 0 0.854 1.616 0.3405 1.6295
1773407364.640614 0 0.721 0.199 1.616 3 0.00 0.00 0.000 0.000 0 0.854 1.616 0.3405 1.6295
% 1773407364.651129 robobot/cmd/ti alive 2026-03-13 14:09:17.606852
1773407364.6911614 0 0.721 0.199 1.616 4 0.00 0.00 0.000 0.000 0 0.854 1.616 0.3405 1.6295
1773407364.7257793 0 0.721 0.199 1.616 4 0.00 0.00 0.000 0.000 0 0.854 1.616 0.3405 1.6295
1773407364.7413619 0 0.721 0.199 1.616 4 0.00 0.00 0.000 0.000 0 0.854 1.616 0.3405 1.6295
1773407364.7913375 0 0.721 0.199 1.616 4 0.00 0.00 0.000 0.000 0 0.854 1.616 0.3405 1.6295
1773407364.8259394 0 0.721 0.199 1.616 4 0.00 0.00 0.000 0.000 0 0.854 1.616 0.3405 1.6295
1773407364.8414192 0 0.721 0.199 1.616 4 0.00 0.00 0.000 0.000 0 0.854 1.616 0.3405 1.6295
1773407364.8913233 0 0.721 0.199 1.616 4 0.00 0.00 0.000 0.000 0 0.854 1.616 0.3405 1.6295
1773407364.925648 0 0.721 0.199 1.616 4 0.00 0.00 0.000 0.000 0 0.854 1.616 0.3405 1.6295
1773407364.9414067 0 0.721 0.199 1.616 4 0.00 0.00 0.000 0.000 0 0.854 1.616 0.3405 1.6295
1773407364.9916337 0 0.721 0.199 1.616 4 0.00 0.00 0.000 0.000 0 0.854 1.616 0.3405 1.6295
% 1773407365.0119102 robobot/cmd/T0 leds 16 0 64 0
1773407365.0261939 0 0.721 0.199 1.616 4 0.00 0.00 0.000 0.000 0 0.854 1.616 0.3405 1.6295
1773407365.0414371 0 0.721 0.199 1.616 4 0.00 0.00 0.000 0.000 0 0.854 1.616 0.3405 1.6295
1773407365.0907412 0 0.721 0.199 1.616 4 0.00 0.00 0.000 0.000 0 0.854 1.616 0.3405 1.6295
1773407365.1259437 0 0.721 0.199 1.616 4 0.00 0.00 0.000 0.000 0 0.854 1.616 0.3405 1.6295
1773407365.1406186 0 0.721 0.199 1.616 4 0.00 0.00 0.000 0.000 0 0.854 1.616 0.3405 1.6295
% 1773407365.1523252 robobot/cmd/ti alive 2026-03-13 14:09:17.606852
1773407365.192013 0 0.721 0.199 1.616 4 0.00 0.00 0.000 0.000 0 0.854 1.616 0.3405 1.6295
1773407365.2254355 0 0.721 0.199 1.616 4 0.00 0.00 0.000 0.000 0 0.854 1.616 0.3405 1.6295
1773407365.2422915 0 0.721 0.199 1.616 4 0.00 0.00 0.000 0.000 0 0.854 1.616 0.3405 1.6295
1773407365.2914567 0 0.721 0.199 1.616 4 0.00 0.00 0.000 0.000 0 0.854 1.616 0.3405 1.6295
1773407365.3257499 0 0.721 0.199 1.616 4 0.00 0.00 0.000 0.000 0 0.854 1.616 0.3405 1.6295
1773407365.3414068 0 0.721 0.199 1.616 4 0.00 0.00 0.000 0.000 0 0.854 1.616 0.3405 1.6295
1773407365.3923995 0 0.721 0.199 1.616 4 0.00 0.00 0.000 0.000 0 0.854 1.616 0.3405 1.6295
1773407365.425824 0 0.721 0.199 1.616 4 0.00 0.00 0.000 0.000 0 0.854 1.616 0.3405 1.6295
1773407365.4424148 0 0.721 0.199 1.616 4 0.00 0.00 0.000 0.000 0 0.854 1.616 0.3405 1.6295
% 1773407365.474868 robobot/cmd/T0 leds 16 0 30 30
1773407365.4921272 0 0.721 0.199 1.616 5 0.00 0.00 0.000 0.000 0 0.854 1.616 0.3405 1.6295
1773407365.5255222 0 0.721 0.199 1.616 5 0.00 0.00 0.000 0.000 0 0.854 1.616 0.3405 1.6295
1773407365.5420969 0 0.721 0.199 1.616 5 0.00 0.00 0.000 0.000 0 0.854 1.616 0.3405 1.6295
1773407365.592195 0 0.721 0.199 1.616 5 0.00 0.00 0.000 0.000 0 0.854 1.616 0.3405 1.6295
1773407365.6254337 0 0.721 0.199 1.616 5 0.00 0.00 0.000 0.000 0 0.854 1.616 0.3405 1.6295
1773407365.6421874 0 0.721 0.199 1.616 5 0.00 0.00 0.000 0.000 0 0.854 1.616 0.3405 1.6295
% 1773407365.653357 robobot/cmd/ti alive 2026-03-13 14:09:17.606852
1773407365.691853 0 0.721 0.199 1.616 5 0.00 0.00 0.000 0.000 0 0.854 1.616 0.3405 1.6295
1773407365.7259276 0 0.721 0.199 1.616 5 0.00 0.00 0.000 0.000 0 0.854 1.616 0.3405 1.6295
1773407365.7427144 0 0.721 0.199 1.616 5 0.00 0.00 0.000 0.000 0 0.854 1.616 0.3405 1.6295
1773407365.7924552 0 0.721 0.199 1.616 5 0.00 0.00 0.000 0.000 0 0.854 1.616 0.3405 1.6295
1773407365.8254251 0 0.721 0.199 1.616 5 0.00 0.00 0.000 0.000 0 0.854 1.616 0.3405 1.6295
1773407365.8436453 0 0.721 0.199 1.616 5 0.00 0.00 0.000 0.000 0 0.854 1.616 0.3405 1.6295
% 1773407365.8687634 robobot/cmd/T0 leds 16 0 64 0
1773407365.893329 0 0.721 0.199 1.616 6 0.00 0.00 0.000 0.000 0 0.854 1.616 0.3405 1.6295
1773407365.9256332 0 0.721 0.199 1.616 6 0.00 0.00 0.000 0.000 0 0.854 1.616 0.3405 1.6295
1773407365.9433951 0 0.721 0.199 1.616 6 0.00 0.00 0.000 0.000 0 0.854 1.616 0.3405 1.6295
1773407365.9933825 0 0.721 0.199 1.616 6 0.00 0.00 0.000 0.000 0 0.854 1.616 0.3405 1.6295
1773407366.0256977 0 0.721 0.199 1.616 6 0.00 0.00 0.000 0.000 0 0.854 1.616 0.3405 1.6295
1773407366.043378 0 0.721 0.199 1.616 6 0.00 0.00 0.000 0.000 0 0.854 1.616 0.3405 1.6295
1773407366.0926526 0 0.721 0.199 1.616 6 0.00 0.00 0.000 0.000 0 0.854 1.616 0.3405 1.6295
1773407366.1254342 0 0.721 0.199 1.616 6 0.00 0.00 0.000 0.000 0 0.854 1.616 0.3405 1.6295
1773407366.1434197 0 0.721 0.199 1.616 6 0.00 0.00 0.000 0.000 0 0.854 1.616 0.3405 1.6295
% 1773407366.1552622 robobot/cmd/ti alive 2026-03-13 14:09:17.606852
1773407366.1930337 0 0.721 0.199 1.616 6 0.00 0.00 0.000 0.000 0 0.854 1.616 0.3405 1.6295
1773407366.225643 0 0.721 0.199 1.616 6 0.00 0.00 0.000 0.000 0 0.854 1.616 0.3405 1.6295
1773407366.2434325 0 0.721 0.199 1.616 6 0.00 0.00 0.000 0.000 0 0.854 1.616 0.3405 1.6295
% 1773407366.2721465 robobot/cmd/T0 leds 16 0 30 30
1773407366.292651 0 0.721 0.199 1.616 7 0.00 0.00 0.000 0.000 0 0.854 1.616 0.3405 1.6295
1773407366.3260949 0 0.721 0.199 1.616 7 0.00 0.00 0.000 0.000 0 0.854 1.616 0.3405 1.6295
1773407366.343644 0 0.721 0.199 1.616 7 0.00 0.00 0.000 0.000 0 0.854 1.616 0.3405 1.6295
1773407366.392996 0 0.721 0.199 1.616 7 0.00 0.00 0.000 0.000 0 0.854 1.616 0.3405 1.6295
1773407366.4263864 0 0.721 0.199 1.616 7 0.00 0.00 0.000 0.000 0 0.854 1.616 0.3405 1.6295
1773407366.4429114 0 0.721 0.199 1.616 7 0.00 0.00 0.000 0.000 0 0.854 1.616 0.3405 1.6295
1773407366.4932325 0 0.721 0.199 1.616 7 0.00 0.00 0.000 0.000 0 0.854 1.616 0.3405 1.6295
1773407366.5264814 0 0.721 0.199 1.616 7 0.00 0.00 0.000 0.000 0 0.854 1.616 0.3405 1.6295
1773407366.5436676 0 0.721 0.199 1.616 7 0.00 0.00 0.000 0.000 0 0.854 1.616 0.3405 1.6295
1773407366.5941212 0 0.721 0.199 1.616 7 0.00 0.00 0.000 0.000 0 0.854 1.616 0.3405 1.6295
1773407366.6264834 0 0.721 0.199 1.616 7 0.00 0.00 0.000 0.000 0 0.854 1.616 0.3405 1.6295
1773407366.6442883 0 0.721 0.199 1.616 7 0.00 0.00 0.000 0.000 0 0.854 1.616 0.3405 1.6295
% 1773407366.6567104 robobot/cmd/ti alive 2026-03-13 14:09:17.606852
% 1773407366.6749434 robobot/cmd/T0 leds 16 0 64 0
1773407366.6940658 0 0.721 0.199 1.616 8 0.00 0.00 0.000 0.000 0 0.854 1.616 0.3405 1.6295
1773407366.726478 0 0.721 0.199 1.616 8 0.00 0.00 0.000 0.000 0 0.854 1.616 0.3405 1.6295
1773407366.744085 0 0.721 0.199 1.616 8 0.00 0.00 0.000 0.000 0 0.854 1.616 0.3405 1.6295
1773407366.7942462 0 0.721 0.199 1.616 8 0.00 0.00 0.000 0.000 0 0.854 1.616 0.3405 1.6295
1773407366.8264465 0 0.721 0.199 1.616 8 0.00 0.00 0.000 0.000 0 0.854 1.616 0.3405 1.6295
1773407366.844307 0 0.721 0.199 1.616 8 0.00 0.00 0.000 0.000 0 0.854 1.616 0.3405 1.6295
1773407366.8939793 0 0.721 0.199 1.616 8 0.00 0.00 0.000 0.000 0 0.854 1.616 0.3405 1.6295
1773407366.9268115 0 0.721 0.199 1.616 8 0.00 0.00 0.000 0.000 0 0.854 1.616 0.3405 1.6295
1773407366.9438438 0 0.721 0.199 1.616 8 0.00 0.00 0.000 0.000 0 0.854 1.616 0.3405 1.6295
1773407366.9944222 0 0.721 0.199 1.616 8 0.00 0.00 0.000 0.000 0 0.854 1.616 0.3405 1.6295
1773407367.0266135 0 0.721 0.199 1.616 8 0.00 0.00 0.000 0.000 0 0.854 1.616 0.3405 1.6295
1773407367.0442069 0 0.721 0.199 1.616 8 0.00 0.00 0.000 0.000 0 0.854 1.616 0.3405 1.6295
% 1773407367.067632 robobot/cmd/T0 leds 16 0 30 30
1773407367.0936244 0 0.721 0.199 1.616 9 0.00 0.00 0.000 0.000 0 0.854 1.616 0.3405 1.6295
1773407367.1268167 0 0.721 0.199 1.616 9 0.00 0.00 0.000 0.000 0 0.854 1.616 0.3405 1.6295
1773407367.1445346 0 0.721 0.199 1.616 9 0.00 0.00 0.000 0.000 0 0.854 1.616 0.3405 1.6295
% 1773407367.1577294 robobot/cmd/ti alive 2026-03-13 14:09:17.606852
1773407367.1946137 0 0.721 0.199 1.616 9 0.00 0.00 0.000 0.000 0 0.854 1.616 0.3405 1.6295
1773407367.226938 0 0.721 0.199 1.616 9 0.00 0.00 0.000 0.000 0 0.854 1.616 0.3405 1.6295
1773407367.2445304 0 0.721 0.199 1.616 9 0.00 0.00 0.000 0.000 0 0.854 1.616 0.3405 1.6295
1773407367.2947721 0 0.721 0.199 1.616 9 0.00 0.00 0.000 0.000 0 0.854 1.616 0.3405 1.6295
1773407367.3271854 0 0.721 0.199 1.616 9 0.00 0.00 0.000 0.000 0 0.854 1.616 0.3405 1.6295
1773407367.344907 0 0.721 0.199 1.616 9 0.00 0.00 0.000 0.000 0 0.854 1.616 0.3405 1.6295
1773407367.3949997 0 0.721 0.199 1.616 9 0.00 0.00 0.000 0.000 0 0.854 1.616 0.3405 1.6295
1773407367.4272788 0 0.721 0.199 1.616 9 0.00 0.00 0.000 0.000 0 0.854 1.616 0.3405 1.6295
1773407367.445066 0 0.721 0.199 1.616 9 0.00 0.00 0.000 0.000 0 0.854 1.616 0.3405 1.6295
% 1773407367.4705505 robobot/cmd/T0 leds 16 0 64 0
1773407367.4947472 0 0.721 0.199 1.616 10 0.00 0.00 0.000 0.000 0 0.854 1.616 0.3405 1.6295
1773407367.527058 0 0.721 0.199 1.616 10 0.00 0.00 0.000 0.000 0 0.854 1.616 0.3405 1.6295
1773407367.544615 0 0.721 0.199 1.616 10 0.00 0.00 0.000 0.000 0 0.854 1.616 0.3405 1.6295
1773407367.5946698 0 0.721 0.199 1.616 10 0.00 0.00 0.000 0.000 0 0.854 1.616 0.3405 1.6295
1773407367.6270955 0 0.721 0.199 1.616 10 0.00 0.00 0.000 0.000 0 0.854 1.616 0.3405 1.6295
1773407367.64484 0 0.721 0.199 1.616 10 0.00 0.00 0.000 0.000 0 0.854 1.616 0.3405 1.6295
% 1773407367.6589077 robobot/cmd/ti alive 2026-03-13 14:09:17.606852
1773407367.695227 0 0.721 0.199 1.616 10 0.00 0.00 0.000 0.000 0 0.854 1.616 0.3405 1.6295
1773407367.7264338 0 0.721 0.199 1.616 10 0.00 0.00 0.000 0.000 0 0.854 1.616 0.3405 1.6295
1773407367.745253 0 0.721 0.199 1.616 10 0.00 0.00 0.000 0.000 0 0.854 1.616 0.3405 1.6295
1773407367.7953703 0 0.721 0.199 1.616 10 0.00 0.00 0.000 0.000 0 0.854 1.616 0.3405 1.6295
1773407367.8267498 0 0.721 0.199 1.616 10 0.00 0.00 0.000 0.000 0 0.854 1.616 0.3405 1.6295
1773407367.8455153 0 0.721 0.199 1.616 10 0.00 0.00 0.000 0.000 0 0.854 1.616 0.3405 1.6295
% 1773407367.8732607 robobot/cmd/T0 leds 16 0 30 30
% 1773407367.8733203 % State change from 20 to 99
1773407367.895573 0 0.721 0.199 1.616 11 0.00 0.00 0.000 0.000 0 0.854 1.616 0.3405 1.6295
1773407367.927206 0 0.721 0.199 1.616 11 0.00 0.00 0.000 0.000 0 0.854 1.616 0.3405 1.6295
1773407367.9460263 0 0.721 0.199 1.616 11 0.00 0.00 0.000 0.000 0 0.854 1.616 0.3405 1.6295
% 1773407367.9737756 robobot/cmd/T0 leds 16 0 0 0
% 1773407367.9741147 robobot/cmd/ti rc 0 0
% 1773407367.9743128 robobot/cmd/T0 servo 1 0 0
1773407367.9962494 0 0.721 0.199 1.616 11 0.00 0.00 0.000 0.000 0 0.854 1.616 0.3405 1.6295
1773407368.0274088 0 0.721 0.199 1.616 11 0.00 0.00 0.000 0.000 0 0.854 1.616 0.3405 1.6295
% 1773407368.0447881 robobot/cmd/ti rc 0 0
1773407368.0467184 0 0.721 0.199 1.616 11 0.00 0.00 0.000 0.000 0 0.854 1.616 0.3405 1.6295
% 1773407368.065219 robobot/cmd/T0 stop
% 1773407368.0654404 robobot/cmd/T0 leds 14 0 0 0
% 1773407368.0757096 robobot/cmd/T0 leds 15 0 0 0
% 1773407368.0759497 robobot/cmd/T0 leds 16 0 0 0
% 1773407368.0862315 robobot/cmd/ti log 0
